%YAML:1.0
R: !!opencv-matrix
   rows: 3
   cols: 3
   dt: f
   data: [ 9.99971926e-001, -7.48438481e-003, -4.79703158e-006,
       -7.47213839e-003, -9.98298407e-001, -5.78310676e-002,
       -4.28037398e-004, -5.78294173e-002, 9.98326361e-001 ]
T: !!opencv-matrix
   rows: 3
   cols: 1
   dt: f
   data: [ 1.13893911e-001, 8.25873576e-003, -1.35086179e-002 ]
