%YAML:1.0
---
imageWidth: 640
imageHeight: 400
undistortedWidth: 640
undistortedHeight: 400
cameraMatrix1: !!opencv-matrix
   rows: 3
   cols: 3
   dt: d
   data: [ 2.9006063995171763e+02, 0., 3.3643453994930604e+02, 0.,
       2.8980758427253409e+02, 1.9711087816249486e+02, 0., 0., 1. ]
cameraMatrix2: !!opencv-matrix
   rows: 3
   cols: 3
   dt: d
   data: [ 2.9026941994829207e+02, 0., 3.3286373185262130e+02, 0.,
       2.8976406463060459e+02, 1.9438153983374764e+02, 0., 0., 1. ]
distCoeffs1: !!opencv-matrix
   rows: 1
   cols: 14
   dt: d
   data: [ -2.4318429366374802e-01, 4.3034103962276922e-02,
       3.3177365562284730e-03, -4.1019041259099647e-03, 0., 0., 0., 0.,
       0., 0., 0., 0., 0., 0. ]
distCoeffs2: !!opencv-matrix
   rows: 1
   cols: 14
   dt: d
   data: [ -2.4972676441551098e-01, 4.6695062184188736e-02,
       1.9932783249151983e-03, -3.0637841991412494e-03, 0., 0., 0., 0.,
       0., 0., 0., 0., 0., 0. ]
R1: !!opencv-matrix
   rows: 3
   cols: 3
   dt: d
   data: [ 9.9537013005216624e-01, -2.9565007962881569e-03,
       9.6070616230851225e-02, 2.4758109321807503e-03,
       9.9998381595421637e-01, 5.1223227028348826e-03,
       -9.6084205570749454e-02, -4.8607543329642422e-03,
       9.9536134067340221e-01 ]
R2: !!opencv-matrix
   rows: 3
   cols: 3
   dt: d
   data: [ 9.9677646063289815e-01, -1.7899769367439398e-03,
       8.0208998938513743e-02, 2.2078369590595921e-03,
       9.9998444897607430e-01, -5.1212558986179751e-03,
       -8.0198584676506507e-02, 5.2818357209253953e-03,
       9.9676491171554715e-01 ]
P1: !!opencv-matrix
   rows: 3
   cols: 4
   dt: d
   data: [ 2.8978582445156934e+02, 0., 2.3653733825683594e+02, 0., 0.,
       2.8978582445156934e+02, 1.9894229125976563e+02, 0., 0., 0., 1.,
       0. ]
P2: !!opencv-matrix
   rows: 3
   cols: 4
   dt: d
   data: [ 2.8978582445156934e+02, 0., 2.3653733825683594e+02,
       -1.8779773245025300e+01, 0., 2.8978582445156934e+02,
       1.9894229125976563e+02, 0., 0., 0., 1., 0. ]
Q: !!opencv-matrix
   rows: 4
   cols: 4
   dt: d
   data: [ 1., 0., 0., -2.3653733825683594e+02, 0., 1., 0.,
       -1.9894229125976563e+02, 0., 0., 0., 2.8978582445156934e+02, 0.,
       0., 1.5430741397707379e+01, 0. ]
